# Generated from ../launch/parkinglot2.bag on 2013-06-14.
mag_zero_x: 111.076772
mag_zero_y: -34.992018
mag_zero_z: 283.411917
